-1.62629924884767e-06
1.49929579176899e-05
1.48033275365479e-05
8.81879504527926e-05
0.000144617779725476
0.000112627081364906
6.96421727924675e-05
0.000228120147862709
0.000401194421167266
0.000459177612848648
0.000459757649127986
0.000643573245636807
0.000743932672166712
0.000966031541256053
0.00077796021922052
0.0005823124203459
8.18833033055527e-05
-0.000743738082537189
-0.0015184624433668
-0.00222788119067744
-0.00263991076168525
-0.00221415522055187
-0.00193689567117145
-0.00128331378649029
-0.00111267656516979
-0.00269436660940125
-0.00377597537822235
-0.0034329935183152
-0.00264993444875774
-0.00193314923729082
-0.000932591749095902
0.000184819889140001
0.00093332220419964
0.00124479501974168
0.000985536941956431
-0.000238430084316084
-0.00173660728564104
-0.00323046803177164
-0.00439536742978114
-0.00558459677582509
-0.00628656938241021
-0.00620390168069165
-0.00601169077176621
-0.0061937230794269
-0.00633638262323261
-0.00641814815867622
-0.00632765867363122
-0.0052457982695539
-0.00440934740208101
-0.00402558761251039
-0.00360054183628945
-0.00236614794415974
-0.00100519718059105
0.000515679932619824
0.00166861127356773
0.00227889448194738
0.00258884236874271
0.00273374627657679
0.00288373557427357
0.00365339270129232
0.00443549849959148
0.0051819451407338
0.00600023281857058
0.00639153949618646
0.00689331509880373
0.00722844747936188
0.00724411553920769
0.00676743835600846
0.00595076148163918
0.00577861113450306
0.00528609731112938
0.00529765237809301
0.00517236934069832
0.00466639817534716
0.00435659297311197
0.00454360897689295
0.00466739783993269
0.00449048933017884
0.00416346548282218
0.0041528736351842
0.00385689637348343
0.00359151176523292
0.00296718567005156
0.0018705151513176
0.00122142782748484
0.00206930501089347
0.00320112912856633
0.00418884339529199
0.00459033800348647
0.00390448501262709
0.00251777590059538
0.000665367286519619
-0.00213820839459995
-0.00595663780370828
-0.00926097431951692
-0.0115504705346038
-0.0125283612987685
-0.0109549227650577
-0.00868958899825458
-0.0063449215940789
-0.00435559259876009
-0.00452440932302116
-0.00401728742822523
-0.00246099675015209
0.00177641951955764
0.0106658990762217
0.0225062003758275
0.0359395711135628
0.051244186669637
0.0669386366423453
0.0804830986933493
0.0897032650584571
0.0933484568221629
0.0905066711320601
0.0814543033061118
0.066786183990451
0.0486594421342981
0.0275035317743664
0.00677345342697517
-0.0109124585039321
-0.0253084210650755
-0.0350317577329329
-0.0422123404982463
-0.0490394089177823
-0.0528022836193757
-0.051320136287948
-0.0482486326358303
-0.0434509934186474
-0.0382537747372691
-0.0348269651543354
-0.0306720087504025
-0.0248514882940838
-0.0185391923443985
-0.0104391006855707
-0.00344777256828961
0.00163261888188428
0.00531925544892443
0.00655336798145815
0.00708647552130041
0.00874173583821598
0.0101133020904874
0.0104396979047788
0.0103226058517307
0.00973117650810395
0.00847762901429746
0.00697220226765619
0.00497600566782457
0.00334657522117708
0.00161729603907661
0.000189795521425388
-0.000345304935613683
0.000607053236813632
0.00211866877349909
0.00338914783082853
0.00413102878777697
0.00419487922740877
0.00350280652456578
0.00329313611446188
0.00261174300428616
0.00084754792815535
-0.000664713648758809
-0.00254262832479582
-0.00375077740403033
-0.00421972697212909
-0.00397227244475024
-0.00266850640864982
-0.0016117828005996
-0.00129566201102646
-0.00157005099428086
-0.00288425970024514
-0.00434836258028075
-0.00574003245025262
-0.00614069518044845
-0.00411803096107978
-0.00238772194563388
-0.00141532469533476
-0.00102233626755556
-0.00180648341523179
-0.00312277649073581
-0.00394228556379993
-0.00479252031922786
-0.00585570036337721
-0.00622319908679261
-0.0050839763409358
-0.00404250031328331
-0.00419452867435677
-0.00408281212917581
-0.00271637365189406
-0.0023546993853902
-0.00330282212320479
-0.00406613202225935
-0.00403559246359692
-0.00352993240993825
-0.00248176842499813
-0.000756486265291258
0.00188590860540508
0.00345917174187603
0.00280250315108745
0.00178953159401863
0.0024648183576339
0.00258823996274623
0.00226991651940923
0.00201314807851328
0.00291018073914259
0.0037335718141328
0.00440821769664099
0.00476625188394918
0.00585256812370404
0.0059931809969804
0.00361816196234116
0.00187474134341992
0.00170716290060929
0.00176619990459966
0.00209941494356533
0.00259528043083609
0.00302257140684468
0.00282774430065059
0.00222658268237261
0.00157945566596186
0.00107859400455333
0.000641701995749962
0.000321389325638848
0.000125847341208047
4.02721204298601e-05
5.32539633090216e-06
