1.61255144992229e-05
4.8656268021008e-05
7.2456538644777e-05
7.37022382121617e-05
1.94263529346513e-05
-1.42871449748557e-05
-0.000168187203569884
-0.000320500948521068
-0.000347313672270915
0.000463763680475532
0.00132144108032239
0.00181491142736978
0.00198925615617525
0.00190490495709624
0.00219303312965071
0.00301171319371166
0.00454793615805204
0.00535233039012345
0.00552879414204626
0.00514981578763631
0.0042329249316575
0.0034448252050204
0.00195647845448996
0.00078040491688735
3.932550316686e-05
-0.000371844234280307
-0.00051432280708177
-0.00142028404419069
-0.00162324734066859
-0.00226008498917648
-0.00244035949868955
-0.00147603240097176
-0.000838370061566646
-0.000963005765920798
-0.00130391610720949
-0.00102206601011521
-0.000739974223029988
-0.000834540380601185
-0.00143804208020711
-0.00198120035227789
-0.0025246955683083
-0.00313699547068466
-0.00326287301228966
-0.00273008945333523
-0.00196959639290308
-0.000715490623177843
0.000157962530243709
0.0014598820108234
0.00232027238297115
0.00273259789114438
0.00261017521274012
0.00167793150803687
0.00026983199297711
-0.00143439939652598
-0.00210068280006516
-0.00223390971374646
-0.00199921089906022
-0.000758143197876473
0.00050777186059208
0.00170699238570697
0.00189425973319145
0.000242451148213169
-0.00137061741216432
-0.00136018799368458
-0.00103138870140278
0.000140112047378845
0.00141844434311128
0.00303872914016564
0.00391791964699401
0.00370058554568587
0.00360711719010679
0.00372748529381146
0.00411564641864157
0.00542020507895567
0.00614221206723428
0.00557029247746871
0.00435495253085155
0.00251060828562312
0.000419325431551299
-0.0013582577750673
-0.00319750064006816
-0.00497154251324721
-0.00628718612194622
-0.00612492892890028
-0.00550210429265666
-0.00486921153952592
-0.00474607437642584
-0.00371702114403811
-0.00347925376099791
-0.00448351831730858
-0.00529832314393766
-0.00566093553788587
-0.00594528523788135
-0.00591896918609446
-0.00435804441965712
-0.00145043832098687
0.000629494312256515
0.00136050327597775
0.000735495112218639
-0.000249591579141491
-0.0030983672087261
-0.00730816100775577
-0.0110462095800126
-0.0126483144579989
-0.0113680741049052
-0.00728205997185789
0.00168769447772473
0.015482087136918
0.0314161027770143
0.0491520349276791
0.0636524649204961
0.0720697432188584
0.0745012058344893
0.0722951767678845
0.0642596774010585
0.051160977216362
0.0347687913960786
0.0178553107583973
0.00254300486047577
-0.0102507483930674
-0.0184283181498943
-0.0210608275306074
-0.0216444528787267
-0.0219481089568133
-0.020881279945881
-0.0202344326491988
-0.0202137944276411
-0.0199066426546726
-0.0194803314547499
-0.0188792409881622
-0.0172374005538482
-0.0137651826609073
-0.010804857804618
-0.00984349273497104
-0.00742562130335905
-0.00462254905913404
-0.0025775032195924
-0.000234917927368045
0.000806233908798395
-8.08464706603834e-05
-0.000776576775711266
-0.000762320912003068
-0.000493269501262623
0.000285236509980484
0.0014196668482581
0.00333917431030107
0.00567677891666342
0.0077476927518902
0.00936695150809984
0.0115330226694764
0.0132156127316538
0.015618703984322
0.0166217746169274
0.0127139869409092
0.0090898233398703
0.00867894396572537
0.00866425626790542
0.0101189577640243
0.010814288391193
0.00817825890539113
0.00601441266859188
0.00454933228190017
0.00362237950331685
0.00283362636792846
0.00216687765272482
0.00168687572434257
0.000349871136935755
-0.00155598851126924
-0.00332518321892626
-0.00507834664896127
-0.00638965796277217
-0.00648717258697079
-0.00631394936310018
-0.00608065745285862
-0.00598961236909696
-0.0051642914704711
-0.00435371672604402
-0.00161754704123177
0.000322373509607734
0.000462542054738237
0.000422673946850196
3.49455387597822e-05
-0.00060768693848887
-0.0015239453789493
-0.00173330688105496
0.000663067871910775
0.00217978273966086
0.00131734394133146
0.000220727770832705
-0.000703044263231047
-0.00128778839070613
-0.0013757287523662
-0.00102792224562837
2.64381195361194e-05
0.00123286358336162
0.00269131174176623
0.00397153556506346
0.00506923477670329
0.00528118265738889
0.00486149085166265
0.00396244209070756
0.00382863318661095
0.00343729786594374
0.00327098605995889
0.00274680241678405
0.00303977817193662
0.00290036755437883
0.00247588079406631
0.00187430912577528
0.00173124200557706
0.00134551489637133
0.0016015792574831
0.00164714310216902
0.00128974544090544
0.00106901499553598
0.000894248493769786
0.000802624590093081
0.000839309038989313
0.000774947224973222
0.000511928252645305
0.000343467232593235
0.000188291814657752
9.84420454848231e-05
4.08708549467988e-05
9.37200307589468e-06
