-2.0237818744233e-05
-8.30030628914214e-05
-0.000188020818364684
-0.000327411503544882
-0.000471993950887109
-0.000484403413770639
-0.000432314027503102
-0.000266752805975491
-0.000119873080611248
-0.000247483178114166
-0.000516240725397206
-0.000837944966838718
-0.0014004433010963
-0.00196768441060659
-0.00250532906567242
-0.0022868820017822
-0.00204546029772701
-0.00270006130784278
-0.00304138812370154
-0.00270642541112526
-0.00264286299708358
-0.00336089584137742
-0.00376352164522042
-0.00361695397317076
-0.00311736284084331
-0.00178778386105715
-0.000586199913285759
0.000434044072478533
0.00100686741044507
0.000331339148666487
-0.000642938217657771
-0.00137156482109264
-0.0018889072309937
-0.00127872488818721
-0.000680518206437595
-2.86939160266798e-05
0.000438843403099251
-0.00027273644018993
-0.000933582438389376
-0.00103622454572268
-0.000801895832678151
-6.94315331447536e-05
0.000551764542480959
0.00036538038364763
7.19467962762482e-05
0.000533362452606497
0.000704456920439023
0.00026007882913343
-0.000547843899801222
-0.00202994702871169
-0.00336904330382174
-0.00399339267170939
-0.00426970875046721
-0.00388472312544644
-0.00314517373538041
-0.00236123919929213
-0.00153388995030635
-0.00108484525639775
-0.000852245040515099
-0.000823052175473279
-0.000737674479584876
0.00056835363472504
0.00140563586932508
0.00141438275698678
0.00129200310335301
0.00114384755363179
0.000809454912266059
0.000688046251719007
0.000717056900562147
0.000563229031183357
0.000232545475934745
-0.000698259173136955
-0.00144149598393777
-0.00101572369159272
-0.00103865612985725
-0.00145444412913024
-0.00251202555468341
-0.00493747571182877
-0.00682625561261777
-0.00669487739004017
-0.00632900239539991
-0.00586331377860285
-0.00475912755057894
-0.00379268619465582
-0.00282507127696053
-0.00101049952118409
0.000321988830134813
0.00175075766557665
0.00272343609226132
0.00269096803319887
0.00259008535193626
0.00314125792655791
0.00377081660146331
0.00411271150799738
0.00573852656292622
0.00900647293003943
0.0142337697443554
0.0216683689069136
0.0311963457945165
0.0426782948824744
0.0540732383720625
0.0638115945774846
0.0699906107416945
0.0700731049217449
0.0632058965012567
0.0483371302013285
0.0263629528605575
-0.00103732940144328
-0.0291368444683545
-0.0523373346245684
-0.0708353749867313
-0.0833023107503641
-0.0873732263392887
-0.0856094176221817
-0.0755068491651799
-0.058042175741086
-0.0384181434132267
-0.0187954085943089
-0.00262120400705011
0.00807576462599635
0.0147841065634698
0.0189443048218295
0.0205566495688593
0.0204078653087423
0.0204472583635643
0.0216900578301006
0.0228844323547938
0.0238149278794209
0.0237351893023586
0.0211689566599016
0.0172775369123793
0.0130444668691499
0.00852482413398837
0.00527221681295293
0.00285064495676193
0.00155465974729262
0.00141223221070016
0.00183229608890743
0.00235651536566708
0.00197886243063079
0.001266645909454
0.000917667481471068
0.000268560309342559
-0.000679387969008284
-0.000875867747906472
-0.000230828471468067
0.000358098112721408
0.000691903826861124
0.000812498867953127
0.00100694951338881
0.000216175803862716
-0.00117945768037393
-0.00304001994977401
-0.00478634265890768
-0.00589717082146172
-0.00529016198209072
-0.00437248987203151
-0.00330131903090825
-0.00210515430576078
-0.000830249533508865
-0.00066611719987114
-0.00182222389489707
-0.00343998151286606
-0.00483076155771692
-0.0054521516511178
-0.00416207131850993
-0.00230340404786882
-0.000878380776011676
0.000638214729661715
0.00206018554025655
0.00264639982367482
0.00203118914538568
0.000920351351069382
1.61924161975104e-05
-0.000944390489614804
-0.00164676830197333
-0.00196696216285747
-0.000979822846153493
-1.52962236400151e-05
0.000527033527437062
0.000754095691041085
0.00074941161795988
0.000213690590756734
-0.00122107302351873
-0.00229887898606223
-0.0018835017721422
-0.00123015178582608
-0.000555111170663649
-0.000191811922700685
-0.0004793077195646
-0.00126882336007979
-0.00191094700502016
-0.00252775497090941
-0.00210723994653191
-0.00176891748891688
-0.00136259044287222
-0.000996127787260276
-0.00120911046529657
-0.00179116158656099
-0.00263648035290097
-0.00320762226571093
-0.00123758659808926
0.000336694350436566
0.000827665049136524
0.00142567011204997
0.00221958944011489
0.00323096521579078
0.00440091468056849
0.00546142352571352
0.00547798887528712
0.00486972198160412
0.00408696499011064
0.00273050324029695
0.00199940166054313
0.00115278081733795
0.000133158123302142
-0.000416282512347026
-0.000236685771649729
-1.78606825956612e-05
5.41539779128485e-05
9.6311854053234e-05
5.4145877725166e-05
2.0072240819153e-05
1.48148409786134e-05
1.74386939271014e-06
