6.78786288848072e-07
3.40717920541995e-05
3.98599603787329e-05
9.19061655368908e-05
0.000116303520567845
0.000175500974157156
0.000243011283034312
0.000484991026272757
0.000711097592427457
0.000993072013741092
0.00115569818302461
0.00148299653352841
0.00154517019516469
0.00124615686651449
0.00114839553181829
0.00149486446901768
0.00180640462054555
0.0027559005604235
0.00367806998252199
0.00481178158631989
0.00431082132097316
0.00145950083191676
-0.00190458522857614
-0.00408137923047253
-0.00565675519641578
-0.00561781337214683
-0.00509141841938361
-0.00438132078643531
-0.00339657194351424
-0.00224148754741763
-0.00124020629516642
0.000327629579269719
0.00123655244742582
0.00107127534553
0.000641941190619475
1.63520263226642e-05
-0.000575020642726027
0.000129138693934537
0.000577416763823572
0.000584286831837869
0.000550681681722556
0.000880641937194378
0.000959188452745364
0.000945107698736367
0.000650612657193281
0.000496571725962681
0.000359873376873138
0.000602529156468368
0.000620732530886767
0.00027713665353879
0.000390381121710288
0.000828256956182871
0.00139829871608247
0.00246857579209809
0.0032774523625987
0.00418786171263557
0.00452505427815202
0.00379288273153164
0.00270182380509929
0.00187954053976331
0.000619880574446698
-0.000584373746209322
-0.00173072771614823
-0.00265367144865013
-0.00300297742218632
-0.00276197516372138
-0.00195824113276139
-0.000893667961247598
-0.000307031471675954
-0.000792286704315845
-0.00134576726042844
-0.00123655319587145
-0.00124131866288959
-0.000922234724795685
-0.000486228543651631
0.000422741761153952
0.00154510652607381
0.00237916830606022
0.00306630397573726
0.00353524092902718
0.00321880898663574
0.00212770620009426
0.000446971434364372
-0.00168711102430421
-0.00308141728534526
-0.00237004635298873
-0.00106467434280349
0.000478352185186029
0.00228474316742065
0.00292467348976281
0.00253392034975095
0.00141114447317847
-0.000932515296209591
-0.00421958641229324
-0.00741151689518293
-0.00956962025610733
-0.0102177698826257
-0.00765022523512655
-0.00472078193987138
-0.00116592290015166
0.000520880613362048
-0.000461871164213646
-0.00236094044344887
-0.00281187565588058
-0.00196193507583063
0.00188888180707729
0.00939739699051609
0.0220564512326576
0.0382028407819953
0.056269811615593
0.0728032294286435
0.0851030478783972
0.0896852143493479
0.0839653164410203
0.0696539006839848
0.048625223571649
0.023218667834556
-0.00389076252353865
-0.0277938093699695
-0.0459273400214205
-0.0551561709439583
-0.0554602564425794
-0.0485018253474957
-0.0371845776638078
-0.0250054879943614
-0.0149347988556137
-0.00794098021815373
-0.00395872712050151
-0.00348322932609365
-0.00399160117566593
-0.00602738675306931
-0.00815837729161902
-0.00932642389367466
-0.00848251559190762
-0.00622237793177941
-0.00377176907941518
-0.00085480207948026
0.0030282746852483
0.00534652390893671
0.00569629746416205
0.00444091279596294
0.002948845606991
0.00167878503530761
0.00247525889289708
0.00333840020463315
0.00214872409211134
0.001326642745528
0.00160028131569676
0.00171140425886255
0.00121860047295336
0.00033179889039418
-0.000504189141655652
-0.00116255503540249
-0.000854133541830169
-7.27865916479903e-05
0.000818460694160917
0.00197838110570576
0.00366639582001243
0.00480657802472727
0.00533084879418466
0.00502656650362139
0.00379200440894102
0.00213058100265633
0.000456403509126577
-0.000988373105255374
-0.00135787249629193
-0.00184707322182832
-0.00271633613602827
-0.00342288855289759
-0.00350840061803293
-0.00350868874076498
-0.00392754375849947
-0.00449250982248007
-0.00544816165322273
-0.00653648075204517
-0.00734756885829766
-0.00794928048833725
-0.00784230432872895
-0.00754991486162129
-0.00701336590622919
-0.00642226417035338
-0.0058933239680715
-0.0051549019458251
-0.00384425486204752
-0.00299207500917736
-0.00204482363451867
-0.0013344670887044
-3.01089797608512e-05
0.00134271208602038
0.00257771731856296
0.00395382457922407
0.00551190888683539
0.00650359936260559
0.0071970391003062
0.00727983744338665
0.00691126922175545
0.00593506971222718
0.0059708129813005
0.00500102077133104
0.00261035095283727
0.000450825367167081
0.000210752766902356
0.000313089561419707
0.000675161274465527
0.000705030109143732
0.00125845229361932
0.000989795650627319
0.000712174218451816
0.000150487341358167
-0.000176786731654283
-0.00053800673946187
-0.000606132009876039
-0.000465946423302778
-0.000430227102499693
-0.000416619244412622
-6.45208566527136e-05
8.5175994840583e-05
0.000343370106613231
0.000177779296531225
0.000210634510631384
6.84394986612263e-05
7.16646441320676e-05
1.84647350796408e-05
1.82422060320357e-05
-3.22062101570112e-06
