3.66705354258363e-06
1.99304283457728e-05
4.63184327694261e-05
3.19714508552086e-05
-2.75656076543436e-05
-0.000135098482960547
-0.000291326454217301
-0.000668788891217188
-0.000929402336359696
-0.000883466413938044
-0.000383731435818825
7.30824858220811e-06
0.000461864483210236
0.0022926005221376
0.00388553381943388
0.00519666959120564
0.00609769619461636
0.00522534746958777
0.00349572058835168
0.000739509738742148
-0.000930161507895841
0.000353308959104619
0.000468009923888937
-0.00128482277984498
-0.00308437252973716
-0.00503538641065421
-0.00639000640431959
-0.00680844351481983
-0.00642918749655789
-0.00546527908563194
-0.00432105940348368
-0.00335737457311335
-0.00300765477206434
-0.00292371492677324
-0.00326805236424448
-0.00326569535168926
-0.00297765883493462
-0.00146378751079072
-0.000116362572570284
0.00071320346254611
0.00166256045032913
0.00222694879963064
0.0021874807884604
0.00207512872623726
0.00131079292513624
0.00147760650925373
0.00202425928796029
0.0024516102820648
0.0035170086195573
0.0055281391119075
0.00653376373449693
0.00571675929126894
0.00463524176744038
0.00496226068459317
0.0038224336843743
0.00175811929360603
-0.000447507478794834
-0.00288956772431732
-0.00412822794775437
-0.00329648518639507
-0.00236211359629255
-0.00316136370499465
-0.00478296357364132
-0.00698917685242648
-0.00933493134607018
-0.00901976337488772
-0.00915923800333518
-0.010187694610828
-0.0100920155788318
-0.00882464143577582
-0.0061330637994934
-0.00324031595944532
-0.00156586879099169
-0.00352851216826297
-0.0066277671852637
-0.00939721831743345
-0.0116706030107187
-0.0124247373723407
-0.0116478328471562
-0.00825543942981374
-0.00510855605508925
-0.00480300232633536
-0.00309880491818681
-0.000507007069466285
0.00154445619703826
0.00355206327076707
0.00519840264799278
0.00684489763539639
0.00752046791481062
0.00603531366169506
0.00466074742686531
0.00362913939186924
0.00412792437824761
0.00720030835960952
0.010110446387352
0.0126335555688464
0.0154768765816615
0.0181160774352147
0.0211928281077167
0.0260628287926166
0.03078510569493
0.0344239747545114
0.0371323749698319
0.0359169616534306
0.0304675245065213
0.0197826433861204
0.00496277343145542
-0.0102857035417693
-0.0277312601069204
-0.0468627633013028
-0.0612371254949004
-0.0678916394654663
-0.0686677262213987
-0.065619733686526
-0.0569724879217102
-0.045202733117868
-0.0315426497742626
-0.0157484378253915
-0.00182527596984082
0.00741967473414217
0.013421849727967
0.018494568553236
0.0199762482739872
0.0189743152234171
0.0167476378086513
0.0126994788433408
0.00977139994758399
0.00944440872246812
0.00961071726085037
0.00945974004419857
0.00924178425409781
0.00810783753701102
0.00732274797551831
0.00600456706935071
0.00487175038694358
0.00361779051147628
0.0021832689125661
-5.16111964196041e-05
-0.00264964226994412
-0.00437856674670027
-0.00554546178874912
-0.00553020593923277
-0.00529336439808275
-0.00509033098228753
-0.00463629708184888
-0.00533546284047936
-0.00546207875622521
-0.00460562449798357
-0.00381696942014948
-0.00274418814410906
-0.00199754264621138
-0.00182133032906854
-0.00213596647368787
-0.00315796675944697
-0.00373654579158986
-0.00369483721560214
-0.00380490916403101
-0.00465530575375512
-0.0058463334693584
-0.0071337688051157
-0.00849362060668478
-0.00955858544960914
-0.0100974593145061
-0.0101605206555429
-0.00882544656219364
-0.00637359310080946
-0.0030008868451039
0.000800155560072829
0.00377828939317963
0.00436688699032755
0.00438053581926939
0.00384927942648742
0.00297529793039329
0.00312640846587225
0.00342976068361834
0.00403552282005982
0.00414290395143118
0.00267556732340708
0.0010823470622289
0.000325904737978781
-0.00114812060859638
-0.00290106330022639
-0.00508335130436667
-0.00706193325760125
-0.00823252905287834
-0.00856683641999437
-0.00812012804977252
-0.00743744936127378
-0.0064499546684191
-0.00433296521219611
-0.00267348560984751
-0.00220341455351573
-0.00238153954911096
-0.00413864235385273
-0.00493340007062017
-0.00308797426984646
-0.000563654723847002
-0.00116517654766996
-0.000170286559408218
0.00212825637472831
0.00323416049259622
0.00240141787159773
0.0013843180122803
0.001887985005541
0.00185922299150726
-0.000329993848724075
-0.000801713081890354
0.00233409914156039
0.00473206331494868
0.00494900862867173
0.00477495082701767
0.00545983633695147
0.00524100104491834
0.00505082224251459
0.00352699807616514
0.00115029444874036
-0.000379847720066036
-0.000823355704595612
-0.000759432523099491
-0.000513746553107625
-0.000282725161352841
-0.000195152418304516
-9.81973765234361e-05
-4.11733606606751e-05
-9.51266064645473e-06
