-3.04157314916027e-05
-8.63476307225157e-05
-0.000153164728816099
-0.000142753686199418
-4.49226151674452e-05
0.000284295809828119
0.000712763100927769
0.00135288442596049
0.00194966746307314
0.00229115972538257
0.00234950271262833
0.00232465365662163
0.00203963716600754
0.00222938960730742
0.00242080976380724
0.00265980476176941
0.00298622351606702
0.0036936885219134
0.00450634418403703
0.00540605262242314
0.00613122118279638
0.00669311186557608
0.00683767063477821
0.00675008282289184
0.00626797101918384
0.00593142676813853
0.00550534681466712
0.00520146140409138
0.00515451553246319
0.00598992736563539
0.00667927706509814
0.00712390648680154
0.00731884539240064
0.00689218827088871
0.00623091320154881
0.00566124882598145
0.00475583710027803
0.00406846640771522
0.00318501167298519
0.00255900077217665
0.00199501044603145
0.00143901855331357
0.000773562494100859
6.25881911906177e-05
-0.000608650273787444
-0.000784074754233604
-0.00112463551820097
-0.00158614441342912
-0.00207020649713683
-0.00219493299604782
-0.00239376570860148
-0.00252519241905603
-0.00272069344829191
-0.00295991286300595
-0.00309570845799033
-0.00296467559452487
-0.00266085251763432
-0.00182058065789188
-0.0012103425118996
-0.000807474733803349
-0.000526963106571617
-0.000263117169221829
-0.000264379737188384
-0.000494773503158289
-0.000979308064056909
-0.00197076014415076
-0.00318337416847053
-0.00421071292693892
-0.0053637176468585
-0.00681191559875729
-0.00794911495461733
-0.00874011542601166
-0.00909365570473756
-0.00833536523485508
-0.00762595843839888
-0.00716931313652563
-0.00660617245373483
-0.00557455258421798
-0.00461878912275722
-0.00398214617503783
-0.00366451308416162
-0.00375388296906141
-0.00383099451469986
-0.00392833200921233
-0.00374824943099069
-0.00270954173929805
-0.00160516627361625
-0.000434478706147031
0.000309648239916636
-0.000135422331440438
-0.00066850528069489
-0.00127602328618059
-0.00178880879896456
-0.00101360130626066
-0.000404648910243724
-0.000525582360705451
-0.00097108675676834
-0.00142780439363383
-0.00221732714055722
-0.00361759124831087
-0.00587217364590264
-0.00938548029628361
-0.0143307248754976
-0.0202652548753092
-0.0270552469644804
-0.0339710133578907
-0.0408922212914858
-0.047737925797306
-0.0536963264889642
-0.0581902328124243
-0.0612879985168548
-0.0631079048625733
-0.0633183186433708
-0.0622779302623814
-0.0603783635226555
-0.0580730267151137
-0.0551421692567154
-0.0516906955681515
-0.0478306802055937
-0.0432841639293286
-0.0385358573125602
-0.0335622487527667
-0.0279357897241807
-0.0215979807134223
-0.0148544293207291
-0.00849610164355846
-0.00220183589580629
0.00395178222623767
0.0092460392836337
0.0131968319270314
0.0163487484666289
0.0191427229204724
0.021659015853847
0.0241351608565686
0.0265197683082429
0.0287640258071588
0.0307701615576058
0.0322281572211817
0.0331179727624068
0.0331637241258448
0.0321513389616824
0.0298713801383778
0.0263933031113107
0.0222809119252172
0.0176580108898922
0.0125564338504593
0.00760485145237361
0.00287883069048862
-0.000828511562032523
-0.00309946408266322
-0.00456057088364882
-0.00534053163968389
-0.00583296669589642
-0.0067028681627247
-0.0072507642172548
-0.00737079155991766
-0.00723909321513893
-0.00635677878277287
-0.00552486396944517
-0.00526160311786873
-0.00491171986549043
-0.00430668103345597
-0.00369079113101579
-0.00323884964105598
-0.00269216246402474
-0.00193548810835061
-0.00128836806843178
-0.00106519383387846
-0.000801702513971012
-0.000396848739331251
4.26717558409508e-05
0.00042651772653459
0.000420066630668112
-0.00038501383917162
-0.00112139405298911
-0.00191637936418333
-0.0023793842889538
-0.00182450217262857
-0.0012000307261841
-0.000732110841309539
-0.000277259992040834
9.76793226434582e-05
0.000572141987359666
0.00144290351258706
0.00193986901504206
0.0018101561159399
0.00148430835346542
0.00142683140105748
0.00123985032050733
0.00116160388972908
0.00114109841642056
0.00145634255052192
0.00160126554763073
0.00151193275505047
0.00128775855523276
0.00114583389882887
0.000855505642137809
0.000598407057368079
0.000315311542862823
-0.000180993121230101
-0.0010271918823068
-0.00175133052678847
-0.00248846682613853
-0.00322867322701758
-0.0039869018198942
-0.00419406586733049
-0.00419235338012675
-0.00414021488940874
-0.00425278952530112
-0.00494154992500265
-0.00545980706663473
-0.00581805602263645
-0.00609164246149122
-0.00570252181771852
-0.00529179126041331
-0.0049027642719797
-0.0043686546431312
-0.00355653136674142
-0.0028398875337311
-0.00216048617737517
-0.00158805450285906
-0.00104648784853739
-0.000621922071033032
-0.000279649603486185
-7.16176560987208e-05
