0.000108154935901677
0.00046028067375744
0.000984764058102952
0.0017577266243175
0.00267722045208222
0.00368125277397202
0.00478524406223869
0.00619419257584477
0.0076276508320536
0.00942531736753101
0.0112627782043877
0.0131921861014518
0.0151261086365991
0.0172356349107504
0.0189768017553729
0.0204941443842393
0.0212172334268992
0.021125691592485
0.0205069487154048
0.020054903659973
0.019216797177481
0.018376092983227
0.0174899390925325
0.0166116120510011
0.0156118398022373
0.0149470508169169
0.014012809201783
0.0130053986530139
0.0117108291461872
0.0103006985919815
0.00883641524484139
0.00759138347055034
0.0066924948030976
0.00649964376759685
0.00627608765594224
0.0059865588700696
0.00546179282855056
0.00475591600478116
0.00385901873217244
0.00307652596073644
0.00206496006793222
0.00128008203707584
0.000339901132182824
-0.000467979424403324
-0.00117207290372848
-0.0014746558695303
-0.00133496692922434
-0.000598808536042534
0.000335880510111333
0.00173437925531065
0.00313484258047073
0.00437964410229694
0.00559582094031585
0.00696834102378401
0.00823442161998615
0.00949408414523325
0.0105306036237188
0.0111157016979172
0.0118906876152026
0.0129654961831454
0.0142273570270723
0.0159148389689934
0.0173259367690789
0.0182637591807593
0.0186569166234752
0.0185347829487924
0.0181212845724257
0.017549089834922
0.0172434842353062
0.0173904790460754
0.0181580388847947
0.0194226170905813
0.0207166245592962
0.0219010953414792
0.0213704272236421
0.0183535710637082
0.0126399975964925
0.00379636187563881
-0.00716963518911501
-0.0191155449207453
-0.0316891148322566
-0.0440784785371273
-0.0551358453474754
-0.0640448659422231
-0.0706625245184647
-0.0752791338923863
-0.077388537360903
-0.0772987205120965
-0.075465923645836
-0.0717018263053436
-0.0674862308035665
-0.0628035038559415
-0.057954572011325
-0.0527802460283037
-0.0467974407572862
-0.0393937977210606
-0.0307394031673489
-0.0205185551422304
-0.00912698446727385
0.00315012916131209
0.0156702317601687
0.0280893750081788
0.0392889615128815
0.0491680267153201
0.0571591771034053
0.0630742405765981
0.0675127838846866
0.0709501761780879
0.0741179904202687
0.078033482071279
0.0815392688024958
0.0839109395401598
0.0851855028950544
0.084959160321299
0.0827151228569138
0.0779505091865295
0.0716161420748378
0.0642499838486485
0.0559850033216244
0.0473102306492663
0.0393054897437615
0.0327201206860199
0.0271481021155207
0.0226434659028797
0.0193226987263293
0.0170887951157402
0.0153042143564469
0.0137662626258135
0.0120172295258294
0.00926507097843346
0.00664763417720365
0.00453532017556669
0.0030561665248329
0.00340837957722031
0.00399399738209904
0.00437940610988241
0.00494322156628803
0.00531767907291339
0.00588325738040386
0.00671463310128638
0.00786812322878771
0.00994245903279626
0.0117250117409556
0.012981619418483
0.0136561864563364
0.0131747696334509
0.0126203744438
0.0126269749199681
0.01280687511569
0.0136889866651567
0.0147452641011802
0.0157429961706818
0.0168960478095943
0.0182964393474406
0.0192428223054321
0.0195719188132943
0.0194606031226047
0.0191836914919414
0.0186959614356163
0.0181329871404073
0.0177588207136197
0.0179385084590629
0.0182593488730927
0.0186890051434202
0.0190105065262881
0.0188233019213828
0.0184691110957179
0.0180758144097159
0.0176036146257255
0.0174634512862129
0.0171703834597603
0.0164705467367253
0.0157284133100602
0.0149441337102601
0.0140754629280635
0.0134939508065494
0.012532104129279
0.0110108157917265
0.00900823665315239
0.0067937905092898
0.00457283977752297
0.00338119927819862
0.00212849573757585
0.000285382327019084
-0.00127637494777958
-0.00233775958570044
-0.00324637606790406
-0.00397427183173479
-0.00463354878388175
-0.00511595033386532
-0.00557657258530403
-0.00599429595011433
-0.00660793166030683
-0.00702478506801803
-0.0076279821115912
-0.00805584788072293
-0.00843921149047127
-0.00845849374590688
-0.00851294103534116
-0.00827608974083245
-0.0079343573622196
-0.00788182553050576
-0.00770738496897172
-0.00673711851893527
-0.00538158202598206
-0.00338588529380314
-0.00161940102673416
-0.00022724478093728
0.000758081283679014
0.00153009182752013
0.00197041823135671
0.00241093354966634
0.00261373593101894
0.00270053427240697
0.0026576186085228
0.00249841901438602
0.00220863815161725
0.0018966105914057
0.0014839126458392
0.00109135907618283
0.000762205023217997
0.000566095828985791
0.000333960129478662
0.000138740308649246
2.89165791348357e-05
