-2.50601776358482e-07
8.13181829001332e-06
3.23193105841705e-05
4.19900133448842e-05
4.64334574645441e-05
8.27221794268416e-05
0.000123981294892736
0.000130320368110807
0.00016691210219286
0.000267754862597883
0.000467633204647399
0.000885999430739039
0.00152805643779555
0.00228782419733904
0.00305847681639515
0.00382859357654891
0.00459312555531075
0.00579642581494276
0.00681792849670401
0.00765564406969294
0.00856349103286182
0.00980699692587178
0.0111345723257836
0.0124914918317841
0.0134375589943744
0.0132453072342619
0.0128203769722484
0.0125544290356445
0.0121087302210568
0.0120676976340181
0.0118293272437694
0.0114444348940897
0.0109346120380198
0.0105769869585141
0.0101611831400657
0.00990163891897362
0.00949244289901831
0.00896387406382167
0.00826257088682152
0.00748764218530524
0.00655984171629318
0.00578320982376564
0.00487237931580438
0.00397079772501798
0.00295188487865846
0.00138078833134776
-6.4409447017518e-05
-0.000956062334446087
-0.00156675689052034
-0.001663709472201
-0.00165028882166064
-0.00159597193732277
-0.00167748867028301
-0.00179804269369546
-0.00212007917119884
-0.00234546354894962
-0.00281887326483606
-0.00359826870186834
-0.00435527600856349
-0.00476369240614546
-0.00508621055989416
-0.00521105112825118
-0.00543951317675679
-0.00578063024274822
-0.00618111175925477
-0.0066036286710013
-0.0069127085649619
-0.00709431628069787
-0.0073246028032158
-0.00741549632520216
-0.00763207419934564
-0.00789159780233878
-0.0082719601072859
-0.00864973421754739
-0.0089953735758366
-0.0091423161004775
-0.00937050643519547
-0.00952320435196737
-0.00964320296651737
-0.00966200403743248
-0.00949159763749748
-0.00914021534004725
-0.00856968243412379
-0.00777144955757082
-0.0069033885583344
-0.00613599907637479
-0.00526734345303808
-0.00420160677230226
-0.00309681149578465
-0.00220751270288542
-0.00159177450047927
-0.00138935171226158
-0.00153876754971054
-0.00183561696221094
-0.00247071248983212
-0.00337420983548876
-0.00485746798538222
-0.0069294333864186
-0.00925255048051373
-0.0117316828754695
-0.0149480996768642
-0.0190682277642661
-0.0239627566962596
-0.0295117117906608
-0.035691398277311
-0.0419622523052517
-0.0482190998613119
-0.0539310570539093
-0.0592077737234181
-0.0641573317375997
-0.0675078338035764
-0.0689294209420432
-0.0686362739726812
-0.066779487738359
-0.0634043899050597
-0.0588493589612445
-0.0536202630795025
-0.0481473017458674
-0.0426173927021958
-0.0370571253185016
-0.0317484729295751
-0.0259782918757147
-0.0199580876038219
-0.0134706931372586
-0.00659420022827647
-7.5510197723534e-05
0.00692313618767391
0.014394916560009
0.0217160850455697
0.028751093564126
0.0345501655928202
0.0386973300281222
0.041280399478785
0.0425260732232589
0.0427297189628701
0.0425283935546595
0.0421162439261652
0.041944639117484
0.0417838589940667
0.0414965409892245
0.0405124121178338
0.038422693662682
0.0354181850937562
0.0313988235755801
0.0271468543772542
0.0237106823526701
0.020284273056336
0.0167854512518269
0.0138132286088574
0.0111251347301827
0.00909005530136438
0.00779734647156347
0.00682361265783631
0.00633699842081158
0.00572250146545294
0.00442786410920343
0.00300056869463753
0.00182371332802853
0.000635612832667268
-0.000475554756413669
-0.0012824281489722
-0.00168956747791433
-0.00208916489893376
-0.00251352054896887
-0.00291736665817358
-0.00293321318530456
-0.00281995359598551
-0.00230693955364289
-0.00155797485747963
-0.000669607238809851
0.000521777881280202
0.00192374446876052
0.00343250213962866
0.00531754139512847
0.00700228393208957
0.00859181024353817
0.00963710905346562
0.00972646276625827
0.00967953403697069
0.009786906638798
0.0100557163288241
0.0107208391907765
0.0114386953793989
0.0119419823251812
0.012221626706583
0.012413583866323
0.0124295444605698
0.0124122793749904
0.012192820558424
0.0118874010130697
0.0114059877705549
0.0104796954113714
0.0092507085464922
0.00791603634447786
0.00639151220762442
0.00501511749066906
0.00375303972794282
0.00330804722865102
0.0030463920482619
0.00252936855327287
0.00186146654850339
0.000352721591650882
-0.00109597476537671
-0.00237243556293241
-0.00393852855238929
-0.00536797671747576
-0.00699606685720592
-0.008319074187512
-0.00935116719358298
-0.00982452285783219
-0.00995753638902249
-0.00963652657025318
-0.00891048562115535
-0.00784971326946733
-0.00665697327217858
-0.00546357233629209
-0.00440781187225447
-0.00349731825424835
-0.00272705064546266
-0.00202031775945764
-0.00142968497833869
-0.000933423731652969
-0.000532791787526642
-0.000235854868023406
-5.88314888219491e-05
