0.000101313911579423
0.000364248010582248
0.000775963208399884
0.00121736850973814
0.00165601860414687
0.00168596281048603
0.00159784286721685
0.00118967576925382
0.00139033399674888
0.00145412328826387
0.0017249885861606
0.000951319951562011
-0.00026305371768316
-0.00272852029762697
-0.00459644704334373
-0.00806033777004537
-0.00995196117024749
-0.00912666556580973
-0.00598195543530306
-0.00309495306464443
-0.00085679371596008
-0.00161764700106237
-0.00281324301505187
-0.00442370681970127
-0.00493136238720909
-0.00301532628621016
-0.000348369663204015
0.0027497000196945
0.00588452527565154
0.004194307017384
0.00456768577582886
0.00526089936847033
0.00683688905124618
0.0114968728693958
0.0151254461712106
0.0126814995676767
0.00981677686389432
0.003651709500399
-0.00193843398278257
-0.00685192627457649
-0.0103147324334125
-0.0122905649827651
-0.0122277184673963
-0.0131400954292102
-0.013958079653788
-0.0153688432884108
-0.0166039755968218
-0.0175546534721069
-0.0180388792344615
-0.0148744746655394
-0.011932821105028
-0.013540547339351
-0.0142016987595052
-0.0127392902033943
-0.0116292523072737
-0.0102982492156079
-0.00921776115771508
-0.0079250963662589
-0.0057761315749558
-0.00324109390768068
-0.00147216543471525
-0.00173591382938681
-0.00181020485556429
-0.000825606262664727
-0.0015940725226605
-0.00294395776616603
-0.00325662193224045
-0.00337047349000222
-0.00215520822588852
-0.000119213699370936
0.00278356303871803
0.00602245418614859
0.00814755471112999
0.00743427346337026
0.00698342810292355
0.00725326729183765
0.00795558648922336
0.00854896390894192
0.00952854740901329
0.00857225717213288
0.00746399741333986
0.00398576659788802
0.00131612433630568
0.00117985222442066
0.00203438811179204
0.00452448968842323
0.00747402284447063
0.0109273309442178
0.0135905735701579
0.0140914151368218
0.0136478391395138
0.0105460066286618
0.00739815384958054
0.00678881858558861
0.00542526957272735
0.00197329046343084
-0.00131597536183668
-0.00557572165317289
-0.012047331673189
-0.0244546832845224
-0.0368371014651971
-0.0460866159533441
-0.0542480698840002
-0.0629428773809916
-0.0617621635818824
-0.0427755363613241
-0.0109304257268325
0.0309796460308071
0.0798858054226489
0.127492099172776
0.169356172016962
0.19850282571211
0.209668355379736
0.200744454607402
0.172303562337203
0.127734473738251
0.0748954351511942
0.0233919502700165
-0.0217601061924658
-0.0542308899262241
-0.071392020952213
-0.0738832124990317
-0.0618197446345833
-0.0378699405978871
-0.0124502922351613
0.00954619331365275
0.0260875551300736
0.0324017390670267
0.0356961939295347
0.0394413832234488
0.0390720263351731
0.031392522339405
0.022834137754167
0.0152638160009962
0.0106796894881956
0.0115081640323999
0.011503549010979
0.00625350716798807
0.0025842382071086
0.00334512910302177
0.00510472993295757
0.00713172552715987
0.0106807760575357
0.0142886425960533
0.0164736673925378
0.0182329911320259
0.0209459987924454
0.0239325421062205
0.0247485867501395
0.0211584942218481
0.0153551818246948
0.00869016654271015
0.00231592977623467
0.00175613544420881
0.00284996259584464
0.00359526240919265
0.00449658709875694
0.00357923513549524
0.0045260794186976
0.00826021821948207
0.00978945039129075
0.00739952407076791
0.00455755360563914
-0.000667470400554136
-0.00413259665909723
-0.00325713961568449
-0.00188321075070584
-0.00430281884999511
-0.00516232572456041
-0.00125570370718284
0.00497085579134055
0.0138756302258987
0.0214821345920793
0.020108930948222
0.0189528823899089
0.0204760484224532
0.0212934415301136
0.0176020422996492
0.0116627573454902
0.0036323487105418
-0.00391581473542146
-0.00549247130532755
-0.00666210492739592
-0.0110142223665186
-0.0138809346717142
-0.00550701362150486
-0.00176479277676937
-0.00422471819828636
-0.00536170097860423
-0.00716463461377228
-0.00812982882530064
-0.00843704978394248
-0.0111604200158952
-0.0179595934619113
-0.0215713466113677
-0.015371412389761
-0.00903921103113386
-0.00558586410648583
6.77908206568262e-05
0.00264608287424653
0.00365380362051722
0.00348683154050769
0.00258693533283065
-0.00181662747212629
-0.00574024298367492
-0.00317148728335476
-0.00119375045196917
-0.00241121225713356
-0.00437529086362406
-0.0091492261600757
-0.0119821531695524
-0.0123513829624796
-0.00973383708994489
-0.0051735388434305
-0.00176121383479709
0.000526079016092335
0.00213097743367709
0.00234994910969791
0.00240294021234391
0.00176393069368618
0.00136149113955088
0.00066481191501373
0.00029000805472317
9.37848810773272e-05
2.11882033053996e-05
