6.0899546346489e-05
0.000188923075608852
0.000258753470516588
0.000173047106515012
-9.84290660602504e-05
-0.000659790060014976
-0.00127090316057039
-0.00188884732589966
-0.00198369220673293
-0.00130884725339479
-0.000261899734047153
0.000744023482965436
0.00199073584072214
0.00265433513953361
0.00365591025776607
0.00437657191630309
0.00344186696765201
0.00140916823980487
-0.00112923098213928
-0.00375625862590037
-0.00623805334800301
-0.00732308412165993
-0.0086678751960395
-0.00995261376612449
-0.00954616967353413
-0.00799824125290949
-0.00577913858451475
-0.0036868209849825
-0.00118434001237876
0.000902869076446547
0.00157454946497727
0.00110273202380695
-0.000282213054858358
-0.00274377145055538
-0.00603938365656885
-0.00915445711478453
-0.0107595410354922
-0.00947910060275917
-0.00735214710271245
-0.00518309094315485
-0.00361699974105269
-0.0037400651065798
-0.00498917715848952
-0.00636643272484125
-0.00854320172370751
-0.0109467839472679
-0.0137187009321427
-0.0142839088219954
-0.0122895717386057
-0.0097156954283888
-0.00666973604717464
-0.00327697068513861
-0.00105666830983657
-0.000864665921974763
-0.00202251203164089
-0.00332494533401689
-0.005362620383627
-0.00642565089386891
-0.0070520054813383
-0.00650093082036473
-0.00466247164067844
-0.00220960217838531
0.000977820926595021
0.00339269263278179
0.00555565750033991
0.00712560670226142
0.00788555819082585
0.00804442510386648
0.00760934834163322
0.00756701598507864
0.0068618689015665
0.00616238446446587
0.00616438056391394
0.00895140282687047
0.0109239946817507
0.0105920556236299
0.0112082517025492
0.0126868911375984
0.0149866252243445
0.0172444461480667
0.018363046687346
0.0161858671909941
0.0128625952438646
0.0093684710672347
0.00839412840536907
0.0102448013235239
0.0110107422481388
0.0103701517572865
0.00900739994180353
0.00788563882646653
0.00636825235208117
0.00385704872430184
0.000354281476275218
-0.00299971933690327
-0.00550951563764618
-0.00672673990813435
-0.00757671897692287
-0.00847947508398454
-0.0101415217899601
-0.0134244574376536
-0.0177924852122177
-0.0220299934190413
-0.0266259666078696
-0.0278979818365671
-0.0229203174371033
-0.00731746520925975
0.0198135829469988
0.0586651883158439
0.106516242949419
0.159779091824975
0.208695052323706
0.244913159936667
0.259964357214191
0.248419004254581
0.212736334145408
0.156694116892654
0.0879686710877943
0.0171873328719262
-0.0468352119425546
-0.0971000478021012
-0.126217193170753
-0.134261806497347
-0.124498529030488
-0.103279638706399
-0.0756515716029189
-0.0465651252789188
-0.022715686747368
-0.00742027063075095
0.00115588135878676
0.00480560794694415
0.00612415190592421
0.00714441137013623
0.0100276412890316
0.0154803195915529
0.0214415721091289
0.0255268249203129
0.0274730465556792
0.0267657385546549
0.0231512529942906
0.0177387191661418
0.0120176505377398
0.0070429188167549
0.00503282356841376
0.00560528208637278
0.00785536567921327
0.0100447923336262
0.0108467854665534
0.010048011312771
0.0070713781893375
0.00235037058948587
-0.0023085769803536
-0.00624898439279733
-0.0073672551865923
-0.0050087271119734
-0.00122935856263471
0.00234347193872788
0.00500868955058645
0.00638226506680624
0.00577289083708345
0.00422856487876298
0.00188592268567612
-0.000288576592207991
-0.00171724653625987
-0.00186904504304782
-0.000372267334158035
0.00166093197601396
0.00314979747603154
0.00409067808097512
0.00326604596120371
0.000141262638001916
-0.00254020342006636
-0.00432218436994698
-0.00429251552204252
-0.00209393549833226
0.00115176175877279
0.00448096087463346
0.00718631700659753
0.00863371243045376
0.00778104421632018
0.00452965895267419
0.00148023110252711
-0.000146065025569548
-0.00163025123688596
-0.00313631354774941
-0.00440207153862792
-0.00705958225168156
-0.00906209317255985
-0.0108793877964302
-0.0132166268865229
-0.0142289784241688
-0.0161342334727021
-0.0182443323946795
-0.0193066175629827
-0.0199358544531355
-0.0185791175029459
-0.0140172039807268
-0.00803121855750466
-0.00127275512235865
0.00477347083799774
0.00947758652825312
0.0130296696404866
0.0137680368771658
0.0124747313081012
0.0110910467978966
0.00982123656637686
0.0115985447074569
0.0126221925439567
0.0127291821650674
0.0126195298835323
0.011724217928862
0.0102060723668023
0.00826270861348519
0.00620240238628448
0.0052692619411201
0.00450505020865473
0.00333212131728234
0.00274357405367233
0.00207695467193333
0.00160409137753345
0.0011849616806393
0.000878138856402789
0.000628586187335675
0.000433623038952075
0.000225973879092121
6.7817201010567e-05
