2.59343030359775e-05
8.85016553105569e-05
2.56866217813498e-05
0.000196370722818681
0.000400297284880947
0.000607872802479508
0.000266751965467843
-0.000205110641975482
-0.00069362099811651
-0.00117072400314594
-0.00117259933070383
-0.00046062769888524
0.00142799783410531
0.00394863135571633
0.00797910657225569
0.0121394956705441
0.0155243024932888
0.015674407249305
0.0143081775887962
0.0107151869776707
0.00451202926916573
-0.00793603506510077
-0.0201699060304018
-0.0290885497339988
-0.0364630599764004
-0.0382982660379705
-0.0386183474655936
-0.0363783850206205
-0.0327551176259304
-0.0313765399389278
-0.0281182531851608
-0.0249949545832084
-0.0192878292324519
-0.0118654852891276
-0.00175250675937282
0.00797778799483656
0.0164673031981459
0.0216908790780747
0.0243646658595266
0.0237938204582127
0.0192608690192073
0.00747360674151335
-0.00370009530222097
-0.0109764678670384
-0.0155128668533043
-0.012908453350278
-0.0100972197441877
-0.008404743960267
-0.00847150648577953
-0.0131616224361983
-0.0176903377582757
-0.0166365314212875
-0.0150388287083765
-0.010734665938766
-0.00520744575768243
0.000325738681315655
0.00679076990775934
0.0141165058119913
0.0209623574482277
0.025188372273098
0.0259397233205439
0.0225389772155199
0.0168180489788015
0.0114957594871037
0.00442580065001227
-0.00382720417246637
-0.0108373700271981
-0.0145103405193256
-0.0137872166700824
-0.00710484984786141
-0.00103384565789918
0.00255728895567034
0.00344365354606643
-0.00173275780450664
-0.00923908977226847
-0.0173861284025841
-0.0255653590411007
-0.0288601751981986
-0.0298642473442323
-0.0294863254968332
-0.0266141430021882
-0.0189622082295399
-0.0130584472053774
-0.0100204842158122
-0.0121592121903924
-0.0215663593160265
-0.0299476200411088
-0.0341816830240555
-0.0321126456027658
-0.0177491455133339
0.000253878268076389
0.0103685603951119
0.0219449328061032
0.0399625917009526
0.0532872765616918
0.0635703937596412
0.0712634072537889
0.077021962318167
0.0870789496765264
0.104908005475994
0.127196949374187
0.149727700927314
0.167921523051391
0.175307766831259
0.16310078708125
0.12395385284051
0.0660235490480978
-0.00168108793182003
-0.0771227837880436
-0.152969833147473
-0.21325030255719
-0.247685334388804
-0.254134882830441
-0.227568060896322
-0.179419274241727
-0.121902778696122
-0.0615565422580565
-0.0078938448328686
0.0329789497928142
0.0593302893691285
0.0664970424464195
0.0575902135214504
0.0409105137769792
0.0233137166279815
0.0106608402426721
0.0100833871851924
0.0162075260885402
0.0265409184189297
0.0377702642314226
0.0455949409577993
0.047589668439254
0.0403923307071544
0.0304611731249736
0.0278699089375544
0.0219668393688223
0.0134537105352148
0.00317148797485733
-0.0134620319743805
-0.0267058821509265
-0.0360813448683687
-0.0434762381071299
-0.0459874395092212
-0.0455946807394064
-0.0421314606125745
-0.0334428629250147
-0.013023892546477
0.00511276235750186
0.0165356172951015
0.0219205093929733
0.014873241126498
0.00570089057952181
-0.00254014718309109
-0.00954646875161264
-0.0115104240044984
-0.0107089801494789
-0.00806827431408331
-0.00668499477696001
-0.0101644778015293
-0.0140861181570425
-0.0168593445706077
-0.0191869593939615
-0.0193268952152393
-0.0191688218646724
-0.0192759896436885
-0.0182479318813983
-0.0175740399908347
-0.0159257606462831
-0.0120556947957651
-0.00822664641993513
-0.00526883737342721
-0.00275555546483687
-0.000373990649356133
0.00247929302410045
0.00668786054660087
0.0107450013459435
0.0140626767557513
0.0162181652762023
0.0120863045238759
0.00629557031682285
0.00241074952754877
-0.00218766000870279
-0.00657029639853674
-0.0101804383243047
-0.0129992999128902
-0.0137179192844025
-0.0158174667064357
-0.0141496211783698
-0.00851172886835068
-0.00340082832268483
0.000303125809433953
0.00161995481721177
0.000875949798674573
-0.00294504206443911
-0.00702014844021999
-0.0102032107200644
-0.00824154364162141
-0.00527122736628709
-0.00606549992406087
-0.00488436914303134
0.00108973063835628
0.00545077025322999
0.00732252253339221
0.00660540194496938
0.0101128881724882
0.0110664728358575
0.0128348706839762
0.0148397821264848
0.0158964350710321
0.015404439784317
0.0107373032322291
0.00654802392941184
0.00441596960192496
0.00177709894262131
0.000662305861679472
-0.00078247578679153
-0.00139233740043028
-0.00194699054879299
-0.00140569474765811
-0.000947926140285912
-0.000230759524523807
0.00017006608634999
0.00034332654244096
0.000180354441148773
3.6858276828829e-05
-9.59497185577757e-06
