1.77490133082497e-05
6.15993985103731e-05
0.000165996408343743
0.000174780589146264
0.000427514900670603
0.00050045560092135
0.000740333798298553
0.000782111990820985
0.00130482496055462
0.00207402642273218
0.00288096670680519
0.00265748172994233
0.00221501509647918
0.00110953901298788
6.99653487676783e-05
0.000446743743199969
0.00148442802963892
0.00118220108378346
0.00106241156402782
0.000511182207834522
0.000255422202470251
0.000507889093658118
-0.00051176268919127
-0.00464973772973495
-0.00778277157201679
-0.00979285068947615
-0.00970624792405502
-0.00818627386922275
-0.00625283911500407
-0.0061431138820256
-0.00597821531636162
-0.00602310004243792
-0.00680508250459851
-0.00785641545496385
-0.00882214089236656
-0.00968992592486156
-0.00936752661063234
-0.00893911859437797
-0.00681687897107773
-0.00396628092607275
-0.000193473220904517
0.000182308174288047
7.71746194976075e-05
0.000998554927967503
0.00137248799779698
0.00364141240199097
0.00502016679158935
0.00319731307776359
0.00115380063862273
-0.00133175377741621
-0.00407293745627144
-0.00759537519656184
-0.00971442812886002
-0.00928924176447386
-0.00796422309566458
-0.00572203150667062
-0.00208583921627697
-0.00119259186401144
0.000503274232164269
0.00286398359271761
0.00505691804516428
0.00798023556583318
0.0101915783063178
0.00965658348301666
0.00745737110989763
0.00199883091216695
-0.00330863132098935
-0.00913168771441414
-0.0112873622471722
-0.00946665942760378
-0.00622453268255331
-0.00476505259715142
-0.00161937914429868
0.00327839712542301
0.00707137167495485
0.00754145649309101
0.00788365030075228
0.0106664749384313
0.0117487943271966
0.0107253224382652
0.00879022678686434
0.00578925539899716
0.00321812699107551
0.00211732454463039
0.00335495915925916
0.00837767974956356
0.0139329638960837
0.019259560053843
0.0231861908731105
0.023072081620023
0.0210751948569265
0.0175629599166643
0.0105720756545222
0.00138475302292212
-0.00739359412231126
-0.0148598835283773
-0.0204223448876477
-0.021512182328771
-0.0228147441720094
-0.0273203530137347
-0.0339121052754107
-0.0415113944791078
-0.0482079509232689
-0.0509955729416792
-0.0437800076951363
-0.0230539981625909
0.0122869136953547
0.0632495075236428
0.122635440904977
0.180684690052876
0.230594036388692
0.262082546634265
0.272454727151152
0.262392494789255
0.228204812186115
0.176044572019101
0.110898701653855
0.036744321710886
-0.0288178892564426
-0.0762819128652884
-0.105909992280796
-0.1168136964887
-0.114416820232747
-0.102084858301532
-0.0879163240230643
-0.0792710437431363
-0.0725154014611481
-0.0680000761382878
-0.0629156135587811
-0.0533432856016564
-0.041188646061824
-0.0278182261991895
-0.010278078650494
0.00855897737875005
0.0263037766865588
0.039282470228225
0.0470355593516304
0.047664407535899
0.0430204621949098
0.0339193358851215
0.0240140146575613
0.0179838012773067
0.012844311300345
0.0064541621605612
0.00205577052862552
-0.00155496197598287
-0.00419295669990209
-0.00638417063721583
-0.0076156034084677
-0.00530360654558223
-0.00405786623419115
-0.00573043789205841
-0.00665793051660077
-0.00774466273103449
-0.00823109900157837
-0.00801239227043471
-0.0068688431494636
-0.00311362280036347
0.000747755597098096
0.00382214629562926
0.00545866873299754
0.00387189551607421
0.00208153230537924
0.000362000748984871
-0.000528497996356836
0.00175287150635363
0.003077695048503
0.00296385821421254
0.00123653244285655
-0.00763103231131536
-0.0152618306227804
-0.0197411617276642
-0.0219315264861601
-0.0180094244627525
-0.0122176192744591
-0.00630882838871967
-0.000235673267893651
0.00296200765236719
0.00495847665293065
0.00651870962907978
0.00695871973510432
0.00764028000185629
0.00709921033514868
0.00492702145963134
0.00247342519079186
-0.00142871807161695
-0.00540616572870208
-0.00917256021245834
-0.013044290765205
-0.0163247531876109
-0.0196153964475437
-0.0236461543696156
-0.026091809704648
-0.0252494886398904
-0.0231218852588267
-0.0192346115363478
-0.014347995464465
-0.0112411101279483
-0.00738277484689441
-0.00395845686189107
-0.000698920138621549
0.00275674359873946
0.0052785328439116
0.0054321828112351
0.00593611439958481
0.00677458638245079
0.00813216555543255
0.00926432241221198
0.00966291956996993
0.00665744508056258
0.00506660609465216
0.00529872146443241
0.00575182456179198
0.00576713725619003
0.00597374793768611
0.00541147699940549
0.00480694553078553
0.00392281229980846
0.00311000428032838
0.00206112456604193
0.0014519331337631
0.000888452114806569
0.000535215862381829
0.00023175683771425
6.67159337624063e-05
