0.000108188136604804
0.000450377934327549
0.00098169987868221
0.00174145477425224
0.00265366139432497
0.00375038770713268
0.00494708714329882
0.00638999627715602
0.00794781665573609
0.00966524070635385
0.0114208870810282
0.0132892441989873
0.0150847231855847
0.0171769922656486
0.0188835230433561
0.0202336230599969
0.020900041378691
0.02077585361761
0.0201530653988733
0.0196993493242763
0.0189054598111806
0.0182461356189358
0.0174729193205263
0.0167059240205042
0.0158306987781941
0.0150879247287879
0.014077072661007
0.0130374252671026
0.0116930188350032
0.0102826261065674
0.00880813950388256
0.007583914442265
0.00659689785591696
0.00658562348799407
0.006451318036531
0.00600158238562875
0.00533325545047704
0.00472117483473546
0.00385130019491752
0.00306878616138547
0.00206694308292959
0.00127560404241293
0.000378929520304836
-0.000540312253709957
-0.00114661965864445
-0.00144006770210681
-0.00129822674956435
-0.000587932367060671
0.000351685313205787
0.00173767119398996
0.00309389106994343
0.00430905261524362
0.00551580244497082
0.00699134185048799
0.00832158689362115
0.00952323660006873
0.0105089707211577
0.0110787245219124
0.0118410145266203
0.012985042716549
0.0142927962300698
0.0159389542797567
0.0173053078516296
0.0182573555332466
0.018620037319645
0.018487259516379
0.0180650257760104
0.0174938471391458
0.0171963208379362
0.0173704802176273
0.0181519336050365
0.0193739478560401
0.0207416994901669
0.0218992703268489
0.0213354628260447
0.0182932872942342
0.0125587008935752
0.0038495280414993
-0.00719997119909425
-0.0191771677826379
-0.0317928435970883
-0.0440593728899347
-0.0551514040468422
-0.0640295417353798
-0.0706349846410686
-0.075300174708053
-0.0775316383853922
-0.0775576428053346
-0.0756942202166742
-0.0713307129369717
-0.0666950145518759
-0.0622877884913479
-0.0576969244149438
-0.052627246109257
-0.0467716188832316
-0.0396277519931508
-0.0310378266676896
-0.0209722725568888
-0.00950490805658224
0.00287915745033112
0.0155597743132107
0.028282207217582
0.0396699442186636
0.0490694139558485
0.0567676107119013
0.0627390423578359
0.0671735217094194
0.0704931391265947
0.0735846194411306
0.0774826541495277
0.0809797421010887
0.0833440785446442
0.0846725804129517
0.0845959548488914
0.0826199728383976
0.07840404908289
0.0726265768759459
0.0654199368790907
0.0573051670646729
0.0487529135214473
0.0408658918485055
0.0338399101507361
0.0278157574877845
0.0229799176674732
0.0192515183685029
0.016736779990998
0.0147041619258541
0.012860663054517
0.0110296556031244
0.00838038108928213
0.00592423695656793
0.00385671822845217
0.0026056877232779
0.00307279900897217
0.00373712194810867
0.00406507023659162
0.00453002034751376
0.00504729240861837
0.00564915296313589
0.00652322991279789
0.00764035993262857
0.00956708688109817
0.0112465247230904
0.0124233256502924
0.0130533570051455
0.0126508622925972
0.0121561784639074
0.0123891416122092
0.0127285878412781
0.0137612556231721
0.0147954984870066
0.0155798637535739
0.0165031545525229
0.0176893237536255
0.018504972963932
0.0187524278122282
0.0187178049599143
0.0188699667244796
0.0187991537242596
0.0185659279288578
0.0184105353080352
0.018455926895414
0.0186163147086831
0.0189752053593455
0.0192233775083385
0.019085537871449
0.0187734588437821
0.0183885134589897
0.0179542642935157
0.0179565982400794
0.0177318795218263
0.0171308578817505
0.0164518287670095
0.0156393037349178
0.0147558392178439
0.0141457891595787
0.0131573187181244
0.0115933621108813
0.00955991630014432
0.00727366339499279
0.00503769442628719
0.00377865048472575
0.00246926623434782
0.000537646185795554
-0.00104274092676067
-0.00217449614584547
-0.00311783102475011
-0.0038814569716974
-0.0046007205279328
-0.0051227107758929
-0.00562267750044555
-0.0060917503419524
-0.0067173608568263
-0.0072039598650636
-0.00778016633794323
-0.008222108299914
-0.00862593335451888
-0.00868823515028583
-0.00872380362071259
-0.00842271143346877
-0.00818506238043556
-0.00812492537715064
-0.00796322759794754
-0.00701413595131335
-0.0056282529239724
-0.00363861923929738
-0.00185077536362615
-0.000415661858618587
0.000646908480323065
0.00156620690468441
0.00214375979727791
0.00271246000849801
0.00297628567717761
0.00309188562408373
0.00305437618805957
0.00291391857164729
0.00258500872440299
0.0022524981711569
0.00180271771227582
0.00135440453615653
0.000961171673028845
0.000705289483325293
0.000409925869751951
0.000180451060662008
3.88132739378526e-05
