-4.11791818344441e-06
-6.98399599715811e-06
4.40407174540899e-06
3.03999808073456e-05
7.93468059366416e-05
0.00015429901365608
0.000231092184676534
0.000317817960217382
0.000401506695930719
0.000506164218901811
0.000641450990369873
0.000812630381891833
0.00120878819802503
0.00185760673769524
0.00250862369960181
0.00310983692155934
0.00371513417996425
0.00471899647465383
0.00559930715182518
0.00634719930391896
0.00720540479687203
0.00858988498131424
0.0100155036915965
0.0114322350896313
0.0123602465531258
0.0118506032571145
0.0111237490636944
0.0107454468160748
0.0101757369608347
0.0100610283205868
0.00981546310177671
0.00943296996440316
0.00913011164303162
0.00915834910657957
0.00919678621194919
0.00931691490465294
0.00926222070911214
0.00897753634545213
0.00850666174207989
0.00797624312076799
0.0073021540063139
0.00664787344574524
0.00584319731393913
0.00499563244552657
0.0040074939175271
0.00252988048646997
0.00102955983053937
2.63402474091777e-05
-0.000832226686891476
-0.00128765974678215
-0.00162667037406877
-0.00183043037078239
-0.0021379139219404
-0.00250181029764764
-0.00304696005361547
-0.0035029103066691
-0.00417448329772919
-0.00512313102829031
-0.00605397101162171
-0.00667927568471393
-0.00718884360374915
-0.00765223372256282
-0.00801876505114429
-0.00848136549219886
-0.00879299469249839
-0.0086751741613904
-0.00839970331619407
-0.00804594585206134
-0.00782537202107234
-0.00780018082263443
-0.00787901865183796
-0.00785622821477634
-0.00788669845976703
-0.0077953911995451
-0.00759132099200315
-0.00708140341177788
-0.00664023236413794
-0.00627925656815219
-0.00598394798501332
-0.00563456912941876
-0.0053867333582195
-0.00523860675998146
-0.00499362028054913
-0.00461543815306422
-0.0041477063750536
-0.00359254151650917
-0.00294481337967504
-0.00222667504710151
-0.00142003226414189
-0.000804061091023726
-0.000486967732688992
-0.000613673913461529
-0.000980150914218896
-0.00141592185888722
-0.00223571347038892
-0.00355795979797653
-0.00524653399689428
-0.00713781752308732
-0.00919866969111901
-0.0113966879063964
-0.0143685201743748
-0.0184681467918578
-0.0232864707662965
-0.028615167908894
-0.0347531574001746
-0.0413771792887443
-0.0480621891905398
-0.0542738376715307
-0.0599684077333543
-0.0647252546502848
-0.0677757769818354
-0.0692205823031971
-0.0688320813354289
-0.0668003443663469
-0.0632545303921712
-0.0585037572824961
-0.0533786978642894
-0.0486066945645997
-0.0437082989248599
-0.0387356500058116
-0.0337884493076668
-0.0278071381398344
-0.0215258432902209
-0.0149350584555284
-0.00790402267914323
-0.00137952263763039
0.0056064576444518
0.0130892638353918
0.0205613873434041
0.0280251333859538
0.0342432982972811
0.0387938603760381
0.0418051729364306
0.0435434757848744
0.0441399733358349
0.0442443511095395
0.0438062212543673
0.0426753819418927
0.0415095101065914
0.0404289798690623
0.0388318761584722
0.0367987174837816
0.033937830935532
0.0298589236336603
0.0257476085240892
0.0225994739073724
0.0194189294228627
0.0161111310577578
0.0133726604096528
0.0110475909328501
0.00935003723803355
0.00840529321953446
0.00776575166252792
0.00741333192500383
0.0069856208748992
0.00613154113719213
0.00515365017877492
0.00426132874505271
0.003333074606409
0.00249060058423218
0.00170585434076146
0.000886059609988367
0.000121467377715858
-0.000646394481587917
-0.00125448666379904
-0.0016062748351316
-0.00172524762514601
-0.00158913348513352
-0.00112434711768139
-0.000281729554063669
0.000877467960347535
0.00213409961510329
0.00363449020051791
0.00533978786565419
0.00688836619510521
0.00836945848055372
0.0091964915477165
0.00885725990609252
0.00847481028255439
0.00826007076761755
0.00827789779952046
0.00882517436317875
0.00947248751768069
0.00986270779223078
0.0101598040571664
0.0106613565590467
0.0110177505326126
0.0112504480606925
0.0112469200999384
0.0108771951653603
0.0102898951193779
0.00934354785446993
0.00809486315537215
0.00680757253988931
0.00531539342706109
0.0038791690763122
0.00268946514430148
0.00220876777870752
0.00188451081007547
0.00136988341132371
0.000780833252404321
-0.000671084805574274
-0.00212437911274761
-0.00341103355783023
-0.00497861880931815
-0.0063425631367592
-0.00778716990832883
-0.00900073542791536
-0.00985902642423896
-0.0101297915029249
-0.0100471084022494
-0.00956397920181714
-0.00868548418767258
-0.00748234886036104
-0.00624307590527348
-0.0050108309285554
-0.00396282953055176
-0.00298562709242594
-0.00222099234447183
-0.00158792752958843
-0.0010971831611485
-0.000721587696846672
-0.000413271735815038
-0.000177359727515399
-4.32343569320967e-05
