-2.52698715890111e-05
-9.72908382506004e-05
-0.000177305291319705
-0.000230439981031456
-0.000176293241075486
-8.90346253526566e-05
0.000161080569572891
0.000453852275812363
0.000881670290761034
0.00106692456430527
0.0013058483808807
0.00129668318339001
0.00141476711795237
0.00174104962822322
0.00251422835635223
0.00295987248842845
0.00397891208821084
0.0051634122611153
0.00663122776619268
0.00754310691655658
0.00816581960281276
0.00804874148533697
0.0078225241076362
0.00745733649270596
0.00734120695037436
0.00714979423085972
0.00713406652156226
0.00713565882985981
0.00755270454692621
0.00796410014657846
0.00837291239476322
0.00844463966485257
0.00828079948301631
0.00717910757960429
0.00592435398005652
0.0046078339631311
0.00327246022194455
0.00230027639444111
0.00144334794611835
0.000395234536435828
-0.000168519504642607
-0.000910445220112137
-0.00152611779906333
-0.00226602034495924
-0.00283694783792849
-0.00332156744398267
-0.0036970182800345
-0.00425762514385367
-0.00457386656719903
-0.00413043628176798
-0.00361590088487344
-0.00319836330208076
-0.00268808462282322
-0.00247051509761725
-0.00203222055105935
-0.00136879918910792
-0.000524254719191248
0.000199668240091651
0.000889914215322543
0.00157936717149634
0.00222950017883641
0.00280175610240897
0.00315013195137848
0.00307590098272589
0.00267206327503711
0.00118878814601303
-0.000356349209196686
-0.00192073771329897
-0.00306821846861735
-0.00373621051425379
-0.00402463812610303
-0.00423909398637008
-0.00447099202639993
-0.00502362946982547
-0.00561001932977898
-0.00627667250062679
-0.00657757699973152
-0.00604480302978803
-0.00538251337402631
-0.00533326214819984
-0.00527162249818641
-0.0053276531221967
-0.00526447648762719
-0.0052684995900538
-0.00508970510564787
-0.00441576302126771
-0.00361915076910071
-0.00286068725732855
-0.00242838005110407
-0.00305421013580294
-0.00355495541534893
-0.00320985994165756
-0.00270784672101015
-0.00234146656682519
-0.00202057271398671
-0.00199779249763116
-0.0020588442131905
-0.0017554011654206
-0.00207249653009249
-0.00366801410061668
-0.00629983621948455
-0.010075181202002
-0.0153054839930364
-0.022471638043605
-0.0299127117995459
-0.0369174026486337
-0.043848866285205
-0.050440717290801
-0.0558293327937401
-0.0598520685003689
-0.0622857165694517
-0.0634443445262287
-0.0630082644838642
-0.0613449089110669
-0.0586947847253957
-0.0561415972889425
-0.0532283065270689
-0.0496935341850898
-0.0456934918206745
-0.0413245496127631
-0.0365303927426204
-0.0314517314472808
-0.025783122632926
-0.0196732163090563
-0.0132352157366024
-0.00709116937962361
-0.00127623223638501
0.00380446208325384
0.00806501737734993
0.0120751023708049
0.0154863406050002
0.0184182734506475
0.0209609951539713
0.0229406114393011
0.0249573741438032
0.0270760763004466
0.0289693568585056
0.0302140312537013
0.0309326623089506
0.0306595313472606
0.0294606278844211
0.0275088650027235
0.024515271921567
0.0209067553308637
0.0164637576736903
0.0106458251856373
0.00526668260586668
0.000538673714013264
-0.00307267747183943
-0.00509684033793761
-0.00604882901811124
-0.00667285798211081
-0.00689117560044388
-0.00742629976425984
-0.00765787708144952
-0.00762674866327388
-0.00731796412533489
-0.00662405651622308
-0.00592677980328304
-0.00563236248155611
-0.00518200996215347
-0.00475501586916041
-0.00397597054545663
-0.00325786652165898
-0.00242922625369354
-0.00233619647770403
-0.00222349919686091
-0.00185008015438168
-0.00138447095581408
-0.00119824121277221
-0.00086854591392567
-0.000618818322420878
-0.000251096932940835
-0.000482124229162276
-0.000500120533767781
-0.00121343770446304
-0.00162301728976842
-0.000805703460001876
0.000251390942929601
0.00110368825338585
0.00195100690530912
0.00214182653137189
0.00254266623151942
0.00318592959545912
0.00390850995759399
0.00481365054853245
0.00575467591085074
0.00623775328261503
0.00655711724727378
0.00553295810783884
0.00481410870007874
0.00426163854964403
0.00407382945664591
0.00376587286232226
0.00354740549617724
0.00296881613213272
0.00237812165433747
0.00112137561880072
0.000275106394209243
-0.000565460581037078
-0.000999553576012463
-0.00162399963775578
-0.0017651517647474
-0.00219192469154622
-0.00263485869248299
-0.00326081008920812
-0.00340361343940192
-0.00353754935799731
-0.00369533464480266
-0.00438544738315112
-0.00455826593227241
-0.00502260299316009
-0.0051900032835887
-0.00511785175075349
-0.0045851914625348
-0.00442571752870093
-0.00387038479512708
-0.00329738537050792
-0.00260395812594853
-0.00207685830514667
-0.001466062524463
-0.000980095570496306
-0.000541538334131405
-0.000244492384258511
-5.64234857189142e-05
